7.220000000
92.380000000
93.900000000
94.230000000
94.410000000
94.650000000
94.670000000
94.760000000
95.020000000
95.080000000
95.140000000
95.200000000
95.230000000
95.310000000
95.270000000
95.310000000
95.400000000
95.510000000
95.530000000
95.490000000
95.530000000
95.640000000
95.600000000
95.640000000
95.570000000
95.750000000
95.710000000
95.640000000
95.740000000
95.810000000
95.770000000
95.650000000
95.820000000
95.790000000
95.770000000
95.800000000
95.930000000
95.800000000
95.810000000
95.890000000
95.920000000
95.900000000
95.930000000
95.950000000
95.870000000
95.860000000
95.970000000
96.000000000
95.910000000
95.990000000
95.980000000
96.030000000
96.030000000
96.080000000
96.040000000
96.020000000
96.100000000
96.050000000
96.040000000
95.980000000
96.060000000
96.090000000
96.080000000
96.090000000
96.110000000
96.100000000
96.220000000
96.220000000
96.200000000
96.240000000
96.210000000
96.250000000
96.260000000
96.270000000
96.230000000
96.260000000
96.310000000
96.300000000
96.300000000
96.310000000
96.270000000
96.310000000
96.350000000
96.340000000
96.350000000
96.350000000
96.350000000
96.360000000
96.390000000
96.390000000
96.380000000
96.430000000
96.490000000
96.410000000
96.440000000
96.420000000
96.430000000
96.410000000
96.440000000
96.470000000
96.470000000
96.530000000
96.490000000
96.510000000
96.530000000
96.560000000
96.550000000
96.550000000
96.570000000
96.540000000
96.550000000
96.520000000
96.530000000
96.570000000
96.540000000
96.540000000
96.580000000
96.570000000
96.600000000
96.590000000
96.600000000
96.600000000
96.600000000
96.600000000
96.630000000
96.610000000
96.590000000
96.590000000
96.590000000
96.600000000
96.600000000
96.620000000
96.610000000
96.620000000
96.640000000
96.640000000
96.620000000
96.620000000
96.620000000
96.620000000
96.620000000
96.650000000
96.650000000
96.660000000
96.670000000
96.660000000
96.670000000
96.670000000
96.670000000
96.670000000
96.670000000
