10.332000000
89.516000000
92.478000000
93.892000000
94.424000000
94.646000000
94.994000000
95.498000000
95.530000000
96.004000000
96.230000000
96.374000000
96.784000000
96.642000000
96.718000000
96.654000000
97.136000000
97.052000000
97.124000000
96.908000000
96.448000000
96.492000000
96.250000000
96.250000000
96.626000000
96.464000000
96.802000000
97.872000000
98.010000000
98.056000000
97.968000000
98.044000000
97.910000000
98.042000000
98.104000000
98.116000000
98.110000000
98.178000000
98.476000000
98.798000000
98.886000000
98.912000000
98.902000000
98.866000000
98.816000000
98.786000000
98.844000000
99.004000000
99.110000000
99.214000000
99.286000000
99.058000000
99.130000000
99.244000000
99.328000000
99.428000000
99.482000000
99.550000000
99.580000000
99.604000000
99.626000000
99.640000000
99.650000000
99.664000000
99.670000000
99.684000000
99.688000000
99.686000000
99.690000000
99.694000000
99.692000000
99.698000000
99.698000000
99.700000000
99.700000000
99.700000000
99.702000000
99.704000000
99.704000000
99.704000000
99.704000000
99.704000000
99.704000000
99.704000000
99.704000000
99.704000000
99.704000000
99.704000000
99.704000000
99.704000000
99.704000000
99.704000000
99.704000000
99.704000000
99.704000000
99.704000000
99.704000000
99.704000000
99.704000000
99.704000000
99.704000000
99.704000000
99.704000000
99.704000000
99.704000000
99.704000000
99.704000000
99.704000000
99.704000000
99.704000000
99.704000000
99.704000000
99.704000000
99.704000000
99.704000000
99.704000000
99.704000000
99.704000000
99.704000000
99.704000000
99.704000000
99.704000000
99.704000000
99.704000000
99.704000000
99.704000000
99.704000000
99.704000000
99.704000000
99.704000000
99.704000000
99.704000000
99.704000000
99.704000000
99.704000000
99.704000000
99.704000000
99.704000000
99.704000000
99.704000000
99.704000000
99.704000000
99.704000000
99.704000000
99.704000000
99.704000000
99.704000000
99.704000000
99.704000000
99.704000000
99.704000000
99.704000000
99.704000000
99.704000000
99.704000000
99.704000000
99.704000000
99.704000000
99.704000000
99.704000000
99.704000000
99.704000000
99.704000000
99.704000000
99.704000000
99.704000000
99.704000000
99.704000000
99.704000000
99.704000000
99.704000000
99.704000000
99.704000000
99.704000000
99.704000000
99.704000000
99.704000000
99.704000000
99.704000000
99.704000000
99.704000000
99.704000000
99.704000000
99.704000000
99.704000000
99.704000000
99.704000000
99.704000000
99.704000000
99.704000000
99.704000000
99.704000000
99.704000000
99.704000000
99.704000000
99.704000000
99.704000000
99.704000000
99.704000000
99.704000000
