0.230171491
0.034786054
0.029398086
0.024862716
0.022969013
0.020149648
0.019251843
0.023535227
0.023584932
0.025570702
0.024389535
0.020423345
0.024605808
0.027658271
0.023140096
0.022324595
0.024634856
0.031997731
0.029048825
0.029468492
0.024700236
0.024986772
0.024699413
0.024346454
0.025856312
0.025081226
0.023205133
0.027085540
0.026731452
0.028071181
0.029558033
0.032135436
0.029597476
0.033791701
0.032484486
0.027921637
0.027762158
0.030474534
0.032528096
0.030260079
0.033808167
0.031019726
0.034533137
0.033906732
0.034702239
0.032384137
0.035397564
0.033336558
0.030167845
0.030737761
0.033193706
0.032119223
0.032784736
0.030795698
0.033326563
0.033541810
0.033205804
0.034459828
0.034634088
0.032896675
0.034027627
0.034006152
0.032779998
0.033097311
0.033091941
0.033804221
0.035032936
0.034946842
0.034986004
0.035641519
0.034795370
0.034781509
0.034625208
0.034196040
0.034546150
0.034949672
0.035231289
0.035643128
0.036232180
0.036865617
0.038745012
0.039080907
0.038185194
0.037300788
0.037184033
0.037166499
0.037078127
0.037189260
0.037401444
0.037534265
0.037661280
0.037807407
0.037923656
0.038008932
0.038140972
0.038315142
0.038407127
0.038565264
0.038695663
0.038814849
0.038908203
0.039053487
0.039128940
0.039211258
0.039286336
0.039367159
0.039488073
0.039557076
0.039632139
0.039690238
0.039742129
0.039831403
0.039914414
0.039949479
0.040024487
0.040104855
0.040161835
0.040212710
0.040283184
0.040360441
0.040394481
0.040425651
0.040482484
0.040525567
0.040552253
0.040584645
0.040607778
0.040643331
0.040658541
0.040680673
0.040687159
0.040691357
0.040697061
0.040706310
0.040714187
0.040720570
0.040721908
0.040723856
0.040733243
0.040735790
0.040740495
0.040751979
0.040755871
0.040758875
0.040759630
0.040764158
0.040766619
0.040767804
0.040774922
0.040777042
0.040780968
0.040784320
0.040782742
0.040786414
0.040787793
0.040791312
0.040791848
0.040793392
0.040795201
0.040796760
0.040797844
0.040799461
0.040800797
0.040802173
0.040803129
0.040803263
0.040804494
0.040805152
0.040805648
0.040806465
0.040807035
0.040807335
0.040807839
0.040808634
0.040808498
0.040808472
0.040809072
0.040809556
0.040809917
0.040810105
0.040810354
0.040810504
0.040810643
0.040810780
0.040810978
0.040811068
0.040811223
0.040811279
0.040811453
0.040811520
0.040811573
