0.230132059
0.033946917
0.028117105
0.022141166
0.019119674
0.015615394
0.014025000
0.017785379
0.017404964
0.018071035
0.015910681
0.012063953
0.016710689
0.018531848
0.013413009
0.011111046
0.012371160
0.019410620
0.015364877
0.014670797
0.010713466
0.011086914
0.010570909
0.009665501
0.011253209
0.009206984
0.007760066
0.011227772
0.009332186
0.010477461
0.012926878
0.013997209
0.010817866
0.013838097
0.012120841
0.007932747
0.007218898
0.009698666
0.010625178
0.008966479
0.009746433
0.008965061
0.010220267
0.010566177
0.010846146
0.007842381
0.010531909
0.007153132
0.005409398
0.005059457
0.006187322
0.005851942
0.004890416
0.004247686
0.005586136
0.005555104
0.005473318
0.005112314
0.005607415
0.003871497
0.004208329
0.003856474
0.003083347
0.003483815
0.002761186
0.002863355
0.003032123
0.002948943
0.003673550
0.003558770
0.003114562
0.002350503
0.001868879
0.001951998
0.001595511
0.001322623
0.001371132
0.001296563
0.001548230
0.001642927
0.002363179
0.002365523
0.001637600
0.001150487
0.001059330
0.000931295
0.000760349
0.000696949
0.000639622
0.000581566
0.000541050
0.000506982
0.000484105
0.000456388
0.000432630
0.000417488
0.000401211
0.000382653
0.000368621
0.000359939
0.000343042
0.000333846
0.000317176
0.000306681
0.000294327
0.000284644
0.000275734
0.000264749
0.000257243
0.000244578
0.000236396
0.000230800
0.000224027
0.000218928
0.000212477
0.000209321
0.000204909
0.000200628
0.000197968
0.000194650
0.000190431
0.000186788
0.000184653
0.000181809
0.000178994
0.000176037
0.000172717
0.000170039
0.000166857
0.000163402
0.000160668
0.000158195
0.000155469
0.000153293
0.000151241
0.000149528
0.000147952
0.000146507
0.000145115
0.000143602
0.000142748
0.000141525
0.000140800
0.000139944
0.000139423
0.000138781
0.000138214
0.000137639
0.000137303
0.000136825
0.000136452
0.000136129
0.000135831
0.000135542
0.000135287
0.000135072
0.000134816
0.000134634
0.000134480
0.000134320
0.000134170
0.000134054
0.000133946
0.000133848
0.000133751
0.000133662
0.000133599
0.000133510
0.000133448
0.000133391
0.000133347
0.000133288
0.000133246
0.000133211
0.000133176
0.000133137
0.000133113
0.000133074
0.000133049
0.000133028
0.000133010
0.000132992
0.000132976
0.000132962
0.000132950
0.000132938
0.000132928
0.000132917
0.000132909
0.000132901
0.000132894
