-0.370493937 -0.311045013 0.206287929 0.218613404 -0.248811782 -0.039927511 -0.075295547 0.068898804 -0.071544138 0.631505789 -0.014591879 0.227133436 -0.223586648 0.168061564 0.263370625
0.057225372 -0.199297671 0.304993625 0.007091929 0.165742932 -0.266768111 0.323793221 0.293733663 0.226440162 0.107982737 0.280890153 -0.168520169 0.429399310 0.035901927 -0.104160474
-0.351596936 -0.477312351 0.123857349 -0.126612366 0.324842757 -0.355116422 -0.019952966 -0.309362307 0.147243779 0.027895556 0.284208526 -0.165067172 0.417433603 -0.432261258 0.075937203
-0.032829489 0.222261826 -0.278962893 -0.127467668 0.202266204 0.197931689 0.341362512 0.109444200 -0.053160906 -0.135658663 -0.127608720 -0.029944552 -0.059635352 -0.285260752 -0.359816922
-0.319983106 -0.191864420 -0.267183538 0.101641755 0.256993968 -0.264549800 0.059991803 -0.022491823 0.078177923 0.211949241 0.266910623 -0.441279384 -0.248778780 -0.475035806 0.168318524
0.499342038 0.305344502 0.625068801 -0.251076946 0.451787887 -0.260877704 0.023365532 -0.304860933 -0.163220305 0.076604503 0.504779209 -0.010009454 0.152425967 0.108009884 0.257590724
-0.163779339 0.255177127 0.357685806 0.206466822 0.313438284 -0.006357980 -0.189979760 -0.354039037 -0.061437301 0.115097862 -0.159395835 0.248643320 0.314755185 0.268185514 -0.285192645
-0.337629943 -0.049500026 -0.213066985 0.364830419 0.452922119 -0.012385143 -0.010597220 0.214279112 0.211429222 0.143416842 -0.022370851 -0.145960488 -0.570143786 0.140355879 -0.468946763
0.399113456 0.096450852 0.074641075 0.315901681 -0.156739509 0.284152677 0.323618281 -0.031835439 0.173364257 0.076688003 -0.073963977 0.018805512 -0.287315708 -0.331858697 -0.382775058
-0.232880444 -0.084606882 0.204490463 -0.146552967 -0.240419385 0.065096964 0.019211874 -0.290770129 -0.286796624 0.451737798 -0.015756597 -0.136904546 -0.004465399 0.564915637 -0.115176132
0.193466245 -0.469732273 0.096324443 0.568318819 0.259712651 -0.513575299 -0.142605608 0.208798863 0.054146832 -0.419745470 -0.130187194 0.107561234 0.315028579 -0.496780556 -0.326653096
0.354017540 0.063810423 0.084318664 0.313524715 0.461955477 -0.100965660 0.303272996 0.013863092 0.049115296 -0.219728947 -0.390494802 -0.241225181 0.261499237 -0.082275139 -0.117551809
-0.468166409 0.198971592 0.625108876 0.516269724 0.520948856 -0.366345444 0.087765386 -0.425858049 -0.231325615 0.324294414 -0.251858897 0.201524218 -0.129045382 0.321832739 0.114018072
0.186402012 0.134127822 -0.275350936 -0.103324005 -0.138888761 0.184521045 0.364075728 0.176645261 0.164464896 0.005472132 -0.209354979 0.383885155 -0.350942151 -0.042008747 -0.319188185
0.227262537 -0.257458079 0.366862470 -0.205010490 -0.279594034 -0.266594964 -0.402516541 0.276739574 0.130441734 0.118845355 0.024889195 0.139407662 -0.292993951 -0.024940483 -0.101122767
0.208909361 -0.513457719 -0.008610344 0.112825486 0.000511483 0.246560671 -0.071127692 -0.068375204 0.218763365 -0.031831738 0.408624200 0.197998157 0.420867789 -0.195212149 -0.461191147
-0.097160650 -0.264990159 0.029528764 -0.099681039 -0.279712073 0.230665717 -0.390447574 -0.239784878 0.367840724 -0.008017752 0.408810333 0.444911925 -0.318829394 0.345437107 0.239778449
-0.333580437 -0.058770203 0.071615664 0.299190387 -0.070873095 -0.084039068 0.176183221 -0.314989129 0.014658933 -0.350616309 -0.097335065 0.097325819 0.400819807 -0.281343517 -0.357906317
-0.298647265 -0.510847517 0.380067829 -0.197202629 0.221200072 0.008988129 -0.426077737 0.152164755 0.010722967 0.097260806 0.564002760 0.021672652 -0.331262959 -0.134478933 0.048068981
-0.120367143 0.054238662 -0.391160456 -0.510796947 0.103242023 -0.151494975 0.462572480 -0.099812948 0.595378924 0.155398011 -0.283022799 0.376934430 -0.032554515 0.369048751 -0.027382041
-0.463170784 -0.362595047 0.279963547 0.388437488 0.352368790 -0.038111305 -0.270038997 -0.244820486 -0.164055850 -0.200430754 0.274158394 -0.010379752 0.072456738 -0.250453992 -0.405313537
-0.324092732 -0.441680227 0.146674979 0.575934315 0.320126404 -0.522579476 0.106533137 0.002502316 0.313491596 -0.000349379 0.140492880 -0.181009432 -0.198937450 0.279279378 0.094802620
0.011798804 -0.009882435 -0.421355782 0.039851540 0.374843467 0.100704547 -0.109976834 0.078354841 -0.451714983 0.156310393 0.101447879 0.259615107 -0.048536387 -0.508949633 0.215667653
-0.170503617 -0.268777152 -0.102566736 0.042644617 -0.041841415 -0.116994074 0.285170896 0.030979495 -0.229781646 0.343803542 0.232003530 0.235487561 0.084629006 0.150097721 -0.549071401
0.411831355 -0.275484886 0.076507457 0.274898072 0.106512544 0.165183946 -0.061441515 -0.024886635 0.146795555 0.042907340 0.010440929 -0.178017089 0.319388925 0.431437264 -0.199664101
