0.045169066 -0.455218840 -0.089258042 0.106301361 -0.085364222 0.106871829 -0.392928152 -0.007576457 0.053344239 0.109386860
-0.360981370 0.123772861 0.152711051 -0.362038529 0.172646658 0.013190664 0.178222532 -0.265078328 0.154531547 -0.265926860
-0.279538563 0.120377151 0.081593726 0.117933334 0.134493308 -0.603647412 -0.398726165 0.099835445 0.004213708 -0.032314179
-0.317766524 0.099354937 -0.471604548 0.049757254 0.054080860 0.152371513 -0.087437958 0.010080328 -0.043866819 0.079535062
0.073027251 -0.470987103 0.050228328 0.065626718 0.076747779 -0.137903525 0.016476786 -0.388941427 0.119469045 0.092214954
0.098045867 0.039160012 0.047654352 0.100661126 0.039200361 0.043056823 0.072202139 -0.410252870 -0.022796666 -0.402733570
0.150873794 -0.055486202 0.057751443 0.085944337 -0.531838431 0.105691527 -0.386701806 0.117680200 -0.156760520 0.004581133
0.000413654 -0.464287011 0.047275364 -0.020845831 -0.413903019 -0.176788134 -0.258848609 -0.027722203 0.274479063 0.288797027
0.153565107 0.123791333 0.118904038 -0.196404711 0.147233244 -0.376991141 0.121401131 0.195153348 -0.399421051 -0.166213644
-0.309577216 0.049643680 0.146192964 0.044141066 -0.458478080 0.168818186 0.136334537 0.097918232 -0.070698326 -0.472017096
-0.021211907 0.012600089 -0.388794285 0.117823667 -0.195124412 0.164676877 0.070808713 -0.419451409 0.012454382 0.151726386
0.089403321 -0.508707969 -0.078831633 -0.279737858 0.079438876 0.109093417 0.130811843 0.084903082 -0.351082103 0.080391229
-0.330360374 0.096401818 0.039991197 0.192967378 0.089675030 0.100169838 -0.494135631 0.097234549 -0.487080547 0.014221561
0.129108103 0.072439172 0.114439733 -0.207450724 -0.416151871 0.083307675 0.129401900 0.115539018 0.065418514 -0.484801464
0.085111121 0.068619118 -0.449183929 -0.391456015 0.058967099 0.036499616 0.091849197 0.073926764 0.106165850 0.051355086
